326
387
250
1893
3911
4921
3354
2172
4306
9206
9880
960
6611
3798
4998
9804
258
1016
133
8546
3420
1296
9590
3263
3814
6631
7912
7263
8801
9421
3170
9981
4815
4044
1889
1452
7889
3832
3230
4301
8703
7316
1584
1483
6324
6833
4717
4945
4204
5690
6026
1414
8840
3103
5257
6769
7829
171
6450
4848
863
6954
7203
1969
8705
10020
4336
3463
2904
4931
2233
7824
9744
779
9047
7750
3065
2004
3943
846
6000
4455
2218
1482
7029
3608
1508
7856
7572
961
8658
4538
6336
8266
1899
3561
9118
1962
8078
2341
4981
29
857
747
4426
4526
6905
2779
4018
3703
4978
4661
8592
6185
6886
4276
345
6223
9140
7224
9032
4938
10042
2568
2503
229
6188
3486
9588
6463
5192
9563
1891
5839
193
4751
9314
3657
1614
785
8421
8567
8826
6792
8027
9455
7155
1507
2504
5891
6514
1098
5292
7847
5296
8535
3959
9187
4394
9658
931
6699
2751
4884
9693
5969
9621
7952
5116
4335
9594
9561
8234
3084
6129
4798
2601
4642
6535
1241
3481
8159
4729
175
9109
1896
4833
9418
4560
1281
2898
3623
9147
2289
7429
1473
6074
1323
2222
8565
7250
2081
6112
8080
5675
874
6174
8356
8158
4168
6506
5635
3291
9809
1380
5400
7405
5814
6764
9323
255
3836
4956
7905
8515
1762
32
2592
1019
9839
7427
2146
702
6254
1552
1788
5455
6683
9800
2690
8813
3349
4482
3667
2557
2464
7879
4720
4594
4536
9731
9589
9252
3087
4428
7736
9813
8561
8908
2767
9225
5147
8323
5046
7149
3493
4989
6571
3547
7533
2704
210
3527
996
5732
5078
4702
7720
5565
254
5328
4857
7395
2908
5466
9408
5525
4289
10216
5123
6341
1529
6322
5655
4029
4102
5244
10148
3418
6642
4429
667
5745
3754
9901
3781
2938
1839
964
8232
4587
1176
9677
1537
7919
9371
7845
5821
2957
2267
9883
7327
3033
8457
7477
4062
7145
1195
5392
5397
7348
10149
2418
2702
4132
6134
3008
858
9808
7579
7747
1691
7261
8018
8390
2870
722
5459
3039
6218
9133
8845
7938
855
4534
10199
1808
4516
5055
559
8605
6044
7888
6558
6904
7305
4762
668
10081
692
5350
9702
6010
245
4818
10022
5587
379
3570
4630
4222
1107
433
4911
1559
3076
6585
542
3692
6251
1789
5346
3095
508
1961
5605
10078
10228
5830
8539
1039
2983
8303
2960
6427
1747
2468
1885
1117
2815
1937
9578
865
1495
10291
4472
7294
1612
4162
9263
1136
351
9526
2506
9383
3855
3375
4063
8955
562
7612
936
9732
9721
4659
9433
2933
1355
8755
1291
6721
7639
1285
2045
328
5371
5984
5600
3186
4431
5218
4003
2936
4097
9570
7048
4704
2694
2242
3557
8872
7383
4804
6282
6037
7104
6139
3605
8534
9998
2824
9823
5682
4100
9446
3452
2331
158
6820
1650
8828
5638
370
4861
5651
8532
659
2951
2033
3707
8097
2604
7835
4878
627
4778
4172
678
662
592
4399
4660
2838
3965
9877
5735
9347
8551
3511
7610
5326
6227
3892
6948
5420
8479
5164
9493
289
8861
3007
6508
9388
5161
6306
2746
2392
3114
2126
7537
9946
8836
6376
9005
8984
7850
300
7125
7141
5312
10205
7112
7231
9781
7948
8590
4344
6610
4816
6989
5157
6374
6964
9052
8693
6384
1059
3409
8037
4585
350
6081
5871
9240
7939
9412
6524
106
4598
9067
8846
5889
1662
925
3268
2553
4293
4129
6304
4264
9667
3960
801
3143
3954
6840
496
4176
6388
5121
8715
438
4434
3353
2133
9451
7527
9982
2547
1463
8076
194
5790
8262
4186
9119
4011
3841
5431
8832
7818
9895
6094
7990
1164
4792
9366
4081
2635
5071
9931
6395
711
1369
5893
4584
6024
8019
8768
2174
6145
2321
1581
6325
7370
4504
655
6442
8378
9174
4715
6943
5827
3932
1931
259
10245
9163
8087
7269
6387
9106
7581
52
2153
8482
7256
2586
1576
8939
8141
2316
3279
3662
7595
10044
4961
8310
436
4535
8334
4942
4138
695
9326
9030
4572
5178
1861
7697
3047
4284
5228
1469
3753
9063
7813
6980
5223
10292
7503
6684
423
9103
7479
8961
7217
2996
9218
8427
1189
7766
3296
3209
2986
3136
1884
761
9216
1968
3153
7412
6095
891
6195
9221
1492
9754
1005
2349
5023
1813
4130
8272
1588
7171
9960
5149
7804
6698
2651
9552
6305
2753
2446
5622
142
1114
815
7085
617
1656
9340
10080
7578
1233
5703
9715
1803
6113
1030
5604
8783
2495
2783
5449
2426
9894
3356
8492
8446
9611
5706
911
2964
9922
6164
1412
7557
9081
8895
7745
2098
4728
9566
2796
5526
10262
10273
3272
5432
6002
4324
3315
4272
4002
3280
9567
781
1530
620
6103
2678
2844
7843
341
5440
8769
1900
8033
3990
9136
8114
7284
6884
6997
8493
7268
10031
822
3015
8811
9545
9114
6179
9476
9803
8162
7881
9211
8653
9250
1381
7074
59
1110
6003
932
4261
2138
1012
7169
6672
7999
2090
5997
8177
5048
6213
5146
6143
3775
9419
3021
1206
1312
4499
454
4216
6907
1916
7043
9881
9464
4153
9814
3919
9796
7563
6400
393
6782
3765
1798
8313
6934
7036
449
7089
701
10234
7706
7508
9059
6297
5919
7793
3069
10048
4670
910
5337
9811
2243
3819
2129
2954
2636
1226
955
603
9601
5167
3725
8543
8911
2225
3749
9157
2893
294
4640
1546
6540
3102
2775
7495
6034
4707
510
7361
10279
1423
6212
9662
5034
5355
8148
4154
8962
4334
1711
7331
266
2224
2612
8155
1356
506
4188
7433
1964
8273
763
10161
2100
3736
9516
1462
4464
2121
2210
10106
5775
9000
10123
7643
9348
5872
6608
3506
4714
5824
9730
4722
6697
8126
8673
3056
7588
6542
3688
5911
4349
6510
1732
241
3910
1309
4372
4980
4437
7322
1868
6054
8409
6125
1175
7823
8107
1179
3737
9066
9021
4582
464
8075
2480
2101
3515
5801
780
2169
7876
395
5510
2687
5217
7461
7599
1318
1602
9902
9994
851
3267
9907
5065
8882
7607
514
2615
9102
4932
4886
2031
8077
5038
4831
555
7470
1263
6354
4898
2625
4189
2483
8320
10241
3287
2180
4202
8215
2679
384
129
4328
5499
8399
3431
5925
1574
2937
8630
3504
4351
850
7298
9327
4160
7802
4835
5014
3942
9260
1997
1478
2269
9129
7764
4157
3088
8678
10165
8843
5185
4524
93
2069
2057
6363
9242
1532
5000
919
5025
6393
5020
5633
6600
9878
7180
10050
7012
4839
4238
3982
2304
9917
5908
2195
5141
7277
3829
2708
1898
4627
3788
2856
9302
3806
8347
4784
599
2837
6287
2932
8971
4219
3382
881
5241
912
2924
2597
5579
2414
6752
9016
9799
3470
7600
4840
8789
2099
3831
3108
4280
9071
7447
2165
596
10002
8713
3325
3901
842
4034
5820
8808
7411
818
5741
8746
2827
6206
4494
2205
8263
152
7731
2042
8892
8574
4617
5995
1199
1697
6011
7223
7480
6903
5684
7471
7321
6532
9019
2034
4392
3433
5060
5540
9963
1701
263
9938
875
9888
6851
8741
5304
6574
7959
537
6381
526
3998
7752
570
6593
8366
6078
4481
3029
10060
9070
778
10137
3873
8151
10188
2923
4288
2408
3811
1159
8502
6921
2619
5804
3408
4737
2985
9628
820
9124
6968
8784
3680
9568
8074
6723
4718
8886
1287
1712
230
6259
2918
4232
6225
5887
8938
7689
5127
9664
3941
1022
1093
9334
5825
8365
8972
9932
3288
9763
8468
3329
5322
7924
4842
2968
10144
5713
2711
4563
2863
7710
5285
8244
10242
4673
3802
9359
3538
6873
3889
6136
9051
6105
1370
9718
10179
8400
1905
939
3854
8752
8615
2649
7564
154
7239
1415
367
9330
7143
1341
8149
1811
7274
10209
585
4605
5221
4745
6181
3054
3066
7073
5930
2945
870
6298
9105
36
1647
7886
5976
7039
3663
10110
9128
1545
1887
7035
7883
8899
9996
7026
2127
4496
4675
1236
3614
3701
7451
9993
5556
5082
7960
1239
7262
41
689
9484
8183
4836
5680
6107
8004
4427
6753
9598
5639
4649
9277
3286
1135
8373
1352
8182
3768
4421
7378
1015
9950
2940
9716
8893
1610
6993
9089
8624
1148
6063
8926
8381
7848
3903
4108
2948
4742
7993
2362
10287
1385
8562
9672
8833
9020
9473
7431
4290
3253
8881
4568
3119
4147
9241
5463
7863
2047
5701
4786
3059
1224
483
8550
7885
3317
7394
6080
5002
7688
9072
3494
5138
5534
1424
5172
1461
346
5937
4875
1877
782
2581
7051
2655
1153
9861
5066
7346
9139
4711
5618
4783
7969
132
1876
8136
3181
8987
9948
7065
5454
3250
707
4647
2211
2733
10122
3743
8731
8225
9160
3051
8048
7861
7942
6822
2587
2816
3862
2538
8650
4167
9290
5536
8288
6796
1791
4657
1273
7654
1406
9029
3585
4970
5621
4573
7749
9025
1820
4223
845
4258
6489
6666
8614
7234
2793
6523
2715
2385
2916
3440
2755
3666
8316
355
7421
7458
4247
5182
7868
1077
4855
6244
1959
9965
3655
8039
8139
8484
7414
1427
3599
5968
6724
10181
8662
10250
1629
3615
2965
4876
6737
6494
7188
9961
7254
890
1430
6200
5004
7466
354
9137
3063
102
6070
4708
6240
8128
8318
1193
2226
8883
6399
5303
2420
2565
363
5882
493
649
5564
2388
3717
5239
3869
4895
4384
9231
1437
5279
5895
2739
8471
7290
2232
4080
4069
9007
9860
8217
3721
3925
8906
1750
3464
852
5270
1597
10219
124
4369
9499
6992
9832
239
3746
9414
6643
5938
2526
4611
8465
4195
3509
4545
1086
6265
3129
6860
1886
2345
9599
829
6316
4758
1032
2623
161
10103
1460
7714
7732
1270
8903
9468
5492
1675
3672
9046
1670
5877
1465
10173
7638
9921
4566
3278
4614
9165
7603
10265
9945
2184
5610
6243
3834
6337
6238
7789
1480
407
7895
2384
1534
4867
6413
3992
793
9609
10126
5657
8733
5798
640
7857
7329
3816
9756
7376
4824
1778
3227
10261
6045
6584
5261
7664
1894
5232
335
4733
4341
10176
3166
8231
1526
2993
5464
5427
4772
1850
1911
1917
8569
3536
6311
2926
9608
9985
9655
3055
7333
8038
4709
8100
4581
6110
6598
2017
3956
3988
1560
5352
371
9841
2122
5129
4143
1845
9430
9873
9654
6583
8594
686
5855
7997
3496
5648
5126
5188
6760
4920
4777
8959
4811
3596
151
4039
2250
6257
2023
2813
10052
6562
3062
7713
1317
7313
6302
8129
9999
8333
1943
9619
807
4624
3389
6787
4395
1378
9346
7900
4766
10036
5960
6072
9947
7872
9669
6006
1999
8980
9572
8924
3858
3677
9788
8797
1995
10272
8857
6773
8096
4689
4698
9940
828
3705
5558
2325
9041
4982
6696
6911
6596
7837
6131
2070
9983
6521
6538
3507
3116
6111
3146
739
9064
9762
100
9357
8386
3295
7956
4914
3006
3606
7375
5394
3299
7929
10231
6929
6205
3212
7303
3237
7758
8154
4169
9646
8509
4583
7052
7915
4593
1034
8806
7613
3004
6308
9528
8786
741
6472
8763
1088
5781
2357
1814
6882
3495
5857
8314
5641
3351
9913
1830
8779
4382
8979
3360
1442
7354
7347
5266
1301
5013
3497
8085
4279
1389
1374
1525
9849
2566
6484
8914
1383
6459
8597
1186
5156
2450
4634
2885
5115
2693
9990
75
3193
6467
3973
4828
2673
772
1764
1422
3016
6607
2337
7977
2941
1244
5022
10206
5931
10187
4926
6056
9840
4990
6915
365
10259
5985
2946
2400
2189
9317
4197
8030
8006
751
10238
4037
4041
8837
683
8788
1766
6370
3324
8267
9758
8119
8804
405
6373
9784
631
1607
6424
6972
938
8088
520
8545
9294
5996
5478
2476
652
2685
837
3222
6386
3539
4418
8325
8407
3554
4813
3835
4889
8999
9436
1313
3134
1592
3980
9696
6410
8051
9591
7237
8247
9773
3405
3358
23
2717
7413
6693
2647
1527
1616
9686
10203
3946
1543
4471
3512
548
10021
9989
2999
5249
9884
9674
3709
8467
1672
10093
5081
3588
6622
5336
2456
1496
7921
2107
8340
8417
4352
9100
4775
6177
4865
8164
4450
4531
8707
7227
3225
9675
9013
244
2160
706
2421
7986
7995
4286
8322
10057
8852
6868
5951
8802
2334
8896
2820
3573
5294
6633
917
6435
1635
391
8577
2346
5988
4608
3751
6966
675
3641
6158
5049
8205
63
4963
356
502
5278
6412
5364
4650
2347
7464
7765
6355
3983
9463
7189
9361
1736
7716
3228
105
5424
8571
3568
8544
9906
5584
3028
1918
4042
2055
694
6991
453
10256
6351
2989
10128
4025
1112
5726
2474
4327
7635
5169
7442
4837
6118
3857
5777
8240
4710
5989
3053
4579
4489
3118
2894
9483
9650
4076
6952
8758
7343
3115
6215
10070
6853
1238
2719
7814
8143
1066
997
2886
3195
1484
2798
3955
3996
2309
9972
9226
4549
8165
6340
5595
5644
9643
5923
5442
7187
2761
7353
9405
1431
3024
6120
1594
3190
5653
4969
10155
7975
10178
498
7865
3384
9057
2152
1261
5902
5370
8631
7385
2389
9223
2572
1544
4095
9834
5986
1782
9091
7134
9862
1985
4553
2900
8645
9736
8339
9150
6160
3077
3553
9830
4367
10040
7368
7699
7497
6578
5628
5415
3757
7724
2350
6926
7206
5460
8648
4922
3593
2901
1118
9113
8416
5698
1130
908
378
2770
5391
10125
1879
4228
6842
2637
2402
6648
3402
6178
2405
4014
8174
9069
7954
5998
3969
3462
3160
4930
6249
477
9027
6133
2588
10192
7182
6032
5854
6116
2228
8680
9458
7291
9665
8559
9954
1237
1103
4040
6128
352
2778
6189
1099
1014
9372
6346
8835
8626
2486
1623
1
9735
3760
10253
8294
10124
7015
5306
114
9466
1288
6317
1040
7128
6458
9644
7796
7896
7144
8739
871
10043
8923
4089
6893
3755
5656
7273
5803
3771
8659
2088
7922
8613
8934
5476
252
3552
7013
1150
3158
2204
343
9903
111
3762
5849
1561
672
5140
8946
9786
4001
2466
5305
8958
4155
1251
6338
1568
7059
2332
4006
4936
5268
2113
8246
2927
6018
1106
5842
1882
9751
5274
3175
9454
5852
9543
7760
466
6888
3488
2435
577
6982
7190
8068
5437
3226
7340
7624
2785
3383
10098
605
1974
211
1965
6854
894
7820
3057
1892
2567
6711
9415
843
121
2803
8342
9197
9489
754
4064
167
3277
430
9891
10248
6786
6550
7677
1379
9666
2333
7150
8041
9725
2266
112
153
5414
2684
1009
5593
2465
1359
4887
311
6606
7859
6746
7409
954
10260
2881
3283
4012
543
1583
4387
8916
5999
1326
5028
7299
6813
9701
819
2528
3756
5867
1707
2491
7504
1535
3316
1909
5076
8476
6847
4612
1627
1090
3221
188
6057
9439
1152
1316
1792
1743
3613
9571
1858
260
963
4789
8196
4996
1863
1713
9492
9461
7025
5973
376
6439
581
8609
6675
4902
1284
4091
3770
3909
2207
7552
9968
8817
9167
2329
4139
914
847
8600
8759
8307
7095
6064
6279
9770
2015
2198
4269
2817
5645
5477
5291
411
2676
8773
6986
9676
10208
309
2145
10053
3532
6646
8396
8331
7175
6150
8104
4952
6579
6504
7525
1353
7162
3273
5100
3304
6462
9810
7401
768
3251
9757
5411
3207
7810
10059
6604
205
574
5643
9911
2754
3935
170
8295
9168
3525
7587
6878
4303
9086
5445
7781
7539
7519
9056
1890
1921
9423
3562
804
6167
4719
8885
3044
4225
9941
5970
5983
5447
8956
7240
4109
184
5331
8568
5284
10153
9132
7369
8024
9892
10252
9441
6637
5092
2352
2516
798
3676
5093
3041
3669
2428
2897
1626
3780
8332
3217
1327
3548
6261
8198
6605
3939
8716
2750
766
5341
4674
4795
794
9689
6119
6135
7118
2794
3671
7219
8967
3105
2990
10094
3654
10237
745
8341
3428
6077
6088
2452
3827
2864
4923
227
5772
8714
1949
7926
6144
7207
762
6154
9480
1072
3345
6664
8354
7834
524
9997
563
10162
2018
9678
479
4985
4658
2415
7185
6626
9969
6944
1042
7350
10283
6656
9295
4924
4214
9095
3421
4287
2212
580
2354
7173
1779
4749
6419
5131
3668
3783
5308
2046
3745
5811
6704
8462
6818
6404
6170
6722
4090
5133
8412
1993
7573
25
66
6502
7349
6689
2797
3330
7576
5412
1302
97
902
8393
1763
3070
2738
144
5453
5716
3216
2781
3350
1600
7918
8579
8192
5905
3079
5471
3173
7505
4652
8055
8066
2089
5298
7377
7106
4925
5910
9671
4615
8511
771
6561
5107
922
5697
3019
9307
10195
3906
1983
2059
1400
9142
6030
3276
8986
9681
9929
1601
1871
7449
6512
9837
8249
3612
2083
904
8578
3694
3902
5570
10114
9068
2629
1715
2878
1739
7342
987
9465
6366
7311
6802
4338
4854
3459
8876
981
504
2727
288
2292
4457
76
1554
6627
9481
5383
474
10062
6527
5890
1354
1329
5838
6587
7971
3580
5742
1393
2729
10277
3012
835
5174
1734
4170
3162
3926
5311
2795
8954
7571
749
2594
2579
8278
3392
6678
5603
657
182
1880
9264
9505
9495
8824
880
2011
6810
4791
9858
4916
4198
5665
4712
8472
2723
7485
8831
9771
2631
4633
8166
9344
8291
7767
6036
9629
10107
6099
3566
5873
860
7628
2144
6093
9049
8389
3132
2496
1321
2170
3786
2177
2648
5542
7103
1144
7727
9794
3159
7543
3184
1417
6425
1951
2296
6655
3555
615
6800
8287
4603
1912
5991
9542
117
7598
10115
5351
9255
2475
660
7139
10014
9061
6285
2159
7131
6321
1503
9258
1071
8106
9606
460
9296
4213
2185
3434
1679
10134
9011
9209
8983
1881
8785
3110
9872
6180
6447
6067
6437
1147
7114
9633
1744
3404
4402
7323
9248
9890
6012
9426
4149
8082
2009
8618
4631
6857
3658
8319
1769
9548
8530
7289
3927
1145
3219
7983
5091
8749
5109
3406
8871
8071
6858
6390
9379
2622
2979
5613
3679
9444
6686
7769
5505
584
5686
1382
6367
4413
9575
3342
5429
9398
5802
6314
4211
4060
8306
10072
1174
4919
817
7509
6751
9838
4249
8878
7086
6196
2274
2463
539
748
6264
7113
2790
8353
5297
3311
248
8025
7652
1102
492
8734
6619
5252
2276
5418
1963
8469
7748
9244
9957
3449
4684
6958
5165
4917
1479
4754
4145
10207
1160
3407
2367
2872
8440
3674
3920
8581
7132
7582
1128
8436
4045
3979
6597
8498
2338
2546
2855
4736
2630
7742
2865
6115
5928
7734
568
8079
8060
494
8495
4381
8922
5642
9670
1229
6892
7840
5340
4767
4788
7140
2021
6613
8611
1387
2484
5728
5752
7082
1162
3067
1980
3261
5233
1919
3336
2977
7515
5922
6651
2659
849
7213
5021
6490
1319
7682
5154
5458
157
317
6978
5224
2397
7341
9181
5096
9256
1631
8473
5688
10058
8976
5853
6507
5183
5774
8199
7022
719
7058
10068
104
3682
368
6733
732
3502
6824
6774
3399
6496
1258
9845
6821
2641
2191
7618
2603
2610
1361
3453
2076
7523
2043
8298
9074
5549
377
4028
2906
6681
7392
2774
7494
7050
5722
3744
7247
5439
6573
9131
3485
8297
3177
1667
2931
2879
1250
5104
3092
1235
4363
2128
9622
71
10074
7702
9243
127
9508
4445
723
1358
3306
4244
9345
9261
8652
4070
9532
9768
8727
6708
435
2896
5924
7336
5044
5594
1878
896
2949
4375
7456
3604
2181
9289
9682
10151
9558
7591
1335
3706
8201
1511
8496
944
9212
382
6466
5302
4106
933
60
9354
3086
6127
9806
9443
2745
941
6808
2220
8637
5193
853
1571
8839
7391
1304
6368
4796
2168
6197
9202
8169
7338
4741
7855
1504
7186
663
2
8554
3480
86
1517
2780
7546
1781
915
6956
2393
3877
6823
419
8456
429
6428
6239
9780
5426
1246
5757
5807
5117
4613
1049
6896
6690
10290
9138
1455
8229
8665
6281
4829
7045
9684
489
3140
2511
9805
5475
2858
7646
10046
3639
4826
7253
6440
7711
6339
166
9714
8798
1927
1851
3205
5348
7589
8454
9753
1582
1347
1824
8228
9435
9237
5929
2701
9299
8667
8212
7001
9220
7782
7115
2058
2027
5553
2330
4420
9980
8810
4552
420
5230
3687
6483
8500
7007
8012
1874
2311
1829
9393
2680
2523
5159
8774
9915
7647
1924
7382
3712
1705
5128
5118
8754
3521
148
2028
10085
3659
1844
8996
2298
6832
4479
3352
8218
4845
2371
8904
7403
3508
7160
2988
8686
6981
89
616
2663
7909
5739
4610
1663
5134
3849
8780
3148
1348
3117
9022
7259
6894
4569
10190
3429
8426
150
7632
8398
2110
7008
7165
174
5567
7722
3234
3646
3368
7940
5569
8729
7670
10095
3042
8422
1097
3622
2735
3708
2593
1139
6877
2351
3685
8931
6454
5320
10189
2382
7402
9112
4268
9958
670
390
1709
3645
7561
7989
9956
4245
5470
4864
4416
5952
6902
6740
2075
7666
5591
6843
3466
2469
9976
3204
4601
5187
7077
10030
9384
4537
7123
5190
8216
1433
4385
5042
6564
7806
5892
8423
5796
2359
5789
5531
8003
4703
2748
2032
8937
2036
6559
3477
5356
3093
7111
1930
1836
1491
5880
1758
8309
1555
7524
7107
7721
7832
9273
3794
9792
10214
187
6042
1883
6718
8700
1749
4376
7930
7246
3700
3038
8208
1308
4411
6549
646
5707
5072
9376
1151
5465
2123
9908
8666
7009
7285
5103
134
4390
6644
7306
6159
6702
461
3099
4217
2206
5736
226
9607
7838
3203
7648
1082
7717
1184
6963
4929
5120
1569
10120
8952
4196
9082
398
2442
9452
3328
1668
2660
4021
2039
6996
8480
9778
4685
4574
792
5791
7794
9793
6898
7801
8598
3578
688
4764
224
5456
8628
2589
2556
3014
7526
7222
2571
8434
665
5319
6825
4330
7728
1784
9274
7317
1831
3964
3090
299
873
8370
2478
1173
876
6725
6382
9726
1243
9975
7061
8887
4765
1129
6241
5746
2315
6391
3724
934
1516
6444
5288
5664
7404
9194
9078
5307
9062
10146
1940
434
4005
8435
4994
4187
2104
1154
713
3852
9612
2726
7230
3530
6660
9977
2381
7996
2241
7097
7121
1678
3949
5349
4127
5816
6201
3397
669
4724
3752
7540
6169
2051
4700
2707
1089
4134
6283
7754
2323
4178
4342
2175
7226
10246
1024
3206
3174
1542
9219
3188
7812
1787
7516
10023
8437
1298
1986
9745
6051
8604
4618
10008
6455
2819
7011
4082
375
1907
5832
9876
8394
9184
7743
1265
1617
6470
2814
3874
5039
85
6353
6291
10051
6295
8014
3531
8948
6084
1081
3696
2140
4248
1045
3491
1775
7551
202
10288
4294
6778
5681
5069
9905
3458
9445
7673
1531
7694
4505
8718
4808
1227
5586
9562
7874
4292
7634
6623
4240
5711
2843
10251
690
714
4215
9641
7617
3435
7068
5953
8649
5729
3664
5324
9825
8838
5085
4904
2238
2670
10184
2910
9389
5264
3255
8756
5330
7719
3145
2664
4495
886
5685
219
1207
8917
9649
4116
5263
700
8691
9085
7148
9144
6258
8034
165
6654
3908
5710
8638
7249
3782
4142
7893
2521
7946
6935
3796
34
2398
4148
6323
786
5209
3704
8596
3142
6097
7016
5662
1245
2320
5079
7467
7280
6392
4438
5883
6581
9536
290
928
7645
4682
4085
7265
8865
3210
225
10012
7675
3799
6695
9553
8982
8102
3367
733
5717
6505
1192
3307
2470
212
6415
7318
4046
3611
4401
8489
10180
3940
5671
4107
9127
7436
3297
9224
758
2697
1252
1368
10227
8520
1634
6476
10086
1856
3178
5422
7320
9304
5912
4512
1376
2919
5111
8261
9974
9120
10016
8452
7400
221
1553
8109
3266
8879
8419
10018
242
7000
8173
5700
2150
6918
7419
8324
684
7980
1420
3400
3747
2743
1748
8744
5491
704
1441
8118
6570
5253
9865
2799
5204
7199
956
9004
2716
3027
7660
1362
8676
10091
4206
8031
5281
8725
3344
5077
8589
3652
9335
9077
10077
9787
8255
2026
10158
2492
10213
8772
9886
3828
4628
7653
4770
7934
3808
2171
10235
1100
4316
2742
2848
3579
5088
6414
5503
2902
9285
9472
5780
7344
4190
6344
7200
9815
5799
6065
6362
8058
7398
6859
426
2658
24
2448
639
4177
5834
5533
295
699
2573
164
8625
7493
9122
2215
5652
4690
1443
9597
2974
5956
2425
9577
2839
6465
4174
6352
108
4756
831
6345
8328
7463
8439
2412
8636
2221
3003
6776
1541
6649
9749
1489
6015
848
10006
5037
6023
6098
6140
8699
458
5724
2260
811
6397
5409
2157
8977
4913
3503
5467
10210
4465
2590
87
2293
8054
9232
7729
5203
3738
10212
5250
7626
2786
7842
7605
3377
6052
3549
7568
1399
8553
3716
6303
1213
1653
7908
4260
1169
2771
9819
5894
4237
3934
9246
5718
6901
403
5961
7260
3120
4199
866
8576
8862
10075
9272
5823
4152
5362
776
5343
10092
8992
1795
3270
45
6041
2319
2361
8302
10029
1338
8110
374
3049
6594
7913
3595
9254
1645
3005
2303
9488
1409
4852
4459
8007
5712
327
9018
2905
10230
3126
4121
7296
8501
9761
2644
9368
8606
3986
6434
8844
79
2574
9700
5032
8518
4410
2712
7069
9699
535
8050
5258
2192
7046
9037
1122
6277
8376
2433
593
2445
9065
3930
8049
2227
6330
4592
3815
8771
10108
5375
297
6747
3921
7570
5435
6799
9782
7337
8186
3256
2016
5590
7018
8873
5240
6464
9234
7242
8536
8258
6176
7783
3025
1063
163
4277
3924
2869
4308
8981
6969
6766
3550
7629
3292
3907
5817
8655
6233
3457
8251
2859
2809
4439
1342
9172
2379
2691
10255
162
4760
5113
3551
6481
6912
2230
5227
3602
8558
3500
4054
2461
5399
4136
6348
3450
4821
4163
8897
3026
8405
5243
3897
234
5011
5794
2394
8525
4800
6720
5945
6293
9504
6375
6421
3298
9048
7108
8635
9262
1115
3327
641
6763
8889
7357
329
6830
8063
416
3262
9428
1926
6022
8242
5083
4561
3322
8112
7218
7994
4915
8451
2387
5670
3156
3767
2599
7147
9306
2614
6784
5150
233
513
7241
8257
5335
5818
721
8103
7774
9339
3335
5073
6965
3155
1906
6102
7020
698
1624
6738
3339
4274
5009
3242
1966
3653
6785
8239
3865
1934
3141
3761
5756
5523
1267
9176
8709
2608
9287
4556
8284
3478
6938
3379
6668
2485
1578
8985
3338
9959
5521
1752
7054
953
8842
6235
6488
8776
4934
9098
3875
5272
2248
4653
8487
1230
2139
7892
6292
3438
5438
4050
1770
3915
4318
8475
2135
7513
783
9668
8444
1295
8767
9471
6109
2833
8527
4558
2563
1572
7674
8083
1658
3200
6234
6582
7554
2151
1133
5551
304
8111
10054
1266
9909
2955
6357
2237
7897
6871
4619
1562
5443
1467
5696
5016
4322
9200
5743
4678
9185
7310
5498
5585
7686
8538
4181
5
9739
6775
8710
6371
3867
9038
4452
2540
2086
6555
6406
4004
6183
717
6361
2091
985
4602
2692
9469
6137
8696
4937
4094
3243
4227
4972
3661
6517
2683
4570
2747
6970
424
708
661
7326
8070
7590
3729
5434
6318
575
5654
6009
5099
9521
1170
5972
7580
5899
3526
5649
6836
1476
8438
4623
5026
9927
5386
5659
3974
8766
3301
10202
6772
7372
4527
2209
5382
10065
8864
4850
5493
2202
203
7950
2340
1655
6961
710
4173
9265
109
7201
677
4503
10138
4874
4782
753
8036
5358
10194
5529
10019
7445
8602
1232
2562
7072
5006
8108
10111
3009
3888
4542
1126
9826
7970
9482
6329
2682
7891
4071
1506
9151
8223
1941
10084
756
3524
9154
920
3423
1470
7755
7288
4403
6407
7775
6300
501
6151
6446
8968
2462
4184
3191
10222
3179
3534
1388
9750
2849
3101
9331
1502
9149
6671
2307
6590
5518
2749
6945
1349
1197
975
8117
3456
9207
475
3096
1278
7943
9416
6166
4868
470
789
9524
554
7099
7601
1330
7205
4944
4977
1500
2182
9703
2203
5417
6487
6748
7914
970
1336
9101
2481
402
6923
8932
4999
1987
10167
3380
4453
3916
10280
6615
8820
7057
7255
6599
6662
2537
10276
5702
9088
381
7826
6541
10049
2992
3917
3370
10166
4483
7751
168
6284
1960
1416
7827
4251
1247
2041
5212
8943
2930
5043
7808
4348
5222
9097
4400
833
2318
9204
612
2281
6889
6263
676
5660
8204
8575
3473
6114
1741
8385
1240
3681
3575
2111
1910
7867
5367
7397
3975
7575
4521
7332
7159
9626
314
8945
5033
3966
1848
7773
1682
3649
360
4851
5357
5376
7776
7457
6457
9779
1914
9511
6659
8221
9043
8506
3727
4638
8397
9238
9525
8651
4759
9795
4984
3715
2752
619
1718
1101
9500
3271
2529
2866
8447
2040
2532
5906
8091
5626
671
2731
1608
8953
8315
3236
4993
2424
8853
6101
9850
3962
2862
6141
5300
9229
3171
9624
7854
1481
4701
488
7092
84
2846
4475
9583
9363
1860
9978
4379
8163
4644
2294
6553
2137
5646
8460
4599
2888
653
565
2013
8737
183
9775
9028
685
6891
3720
220
7278
5480
7620
307
6688
8634
10017
6917
2842
2699
604
8510
2628
5106
4730
7816
10088
8362
4462
2310
4805
1859
7819
6208
1394
3275
6814
3144
4606
5884
6994
2884
4156
3078
3728
2035
1857
6053
3305
6925
3621
8730
6418
4513
4510
2148
82
8732
6735
1299
3231
3735
9251
5189
1619
4493
7174
1825
2758
2987
5614
8147
8338
2005
6539
1046
9247
1000
949
9183
5287
8301
5581
3499
4716
8695
4320
5829
10131
561
2732
8747
864
3914
2950
3656
217
8271
8348
8875
6008
5384
945
547
4939
8528
6087
3000
5532
3913
5160
3543
9470
2014
2560
2497
80
2249
2832
7384
6831
4539
1190
8022
9267
8327
7352
4799
7964
6874
1397
8368
1076
8414
3899
8458
3461
2403
7931
4307
1351
197
2695
6932
9866
5676
5097
7534
1408
9457
2811
6121
7021
42
8121
838
6228
1075
472
9690
2686
9008
6988
1745
9288
4470
5273
6730
5483
2396
1565
965
3985
6432
8866
1613
6827
5617
5940
5511
9338
1474
6845
5313
4665
5513
9390
246
4032
7482
1692
5090
5380
813
5851
3371
383
9094
2830
6560
2161
3993
6890
155
9604
9797
3381
5062
6674
10200
9367
9208
7083
8910
3139
2822
5841
9343
8178
5826
3517
3238
1096
1131
8497
4771
2600
5234
10025
3840
503
7453
3740
9164
4208
1643
8807
9040
7903
7406
7641
3750
8894
3416
788
625
5135
6519
7446
516
5731
6612
4721
6673
3475
10090
6511
8512
3111
623
4000
2868
4480
2199
755
6797
1343
9180
5575
26
7133
6635
1060
4834
3597
4801
2213
3467
1008
7615
9385
191
4053
5941
243
4200
8781
2720
5379
3396
9859
2335
6216
6816
4590
5947
2143
6021
3460
6377
7019
6048
9869
3366
3763
597
4360
841
4079
9738
9576
1182
3252
5406
9162
1902
9648
5845
5721
9387
5027
540
5198
2236
8632
3374
4954
5457
9635
8277
2299
2125
2892
4995
2873
2777
7606
3032
5130
8478
5792
5831
4892
3091
4935
5740
6914
8184
9060
8595
2173
7877
999
2002
9514
5548
5957
4015
718
10116
2066
1037
5237
5372
8010
7428
6726
7510
421
4038
10089
3425
10083
9175
1384
4027
3220
3098
4185
9952
8084
6947
3722
5719
8933
7271
9093
9535
4485
7462
4655
2494
6685
716
10191
7214
9456
5421
4146
10076
6528
9518
4242
5550
8777
4654
3448
4645
578
8664
8355
9006
1367
73
9422
5275
4048
4528
4949
7902
4882
2029
7968
2953
3784
1109
1290
7204
2010
5636
5624
3347
7270
146
9300
6204
7932
6040
1915
8721
291
7399
6694
1091
3048
6207
7822
6146
8529
3785
10007
8643
4331
8170
3632
1487
3035
7659
6846
1842
1622
611
3900
2958
2657
5527
5151
8728
3931
1146
6768
8099
409
6783
1386
9281
359
7396
1052
4747
1956
2899
1203
2650
1307
2836
6677
10001
832
178
6501
9193
5168
6163
8065
5396
1821
6727
5858
9235
814
8346
10152
3147
3490
3378
3040
1695
897
5213
6565
7415
456
6493
5862
10142
1742
4017
5502
380
8720
8403
6959
7761
3037
3403
7027
2360
1260
4378
6126
2290
1064
7212
1279
7672
2459
4449
1490
4948
5860
4407
705
6838
5061
7650
9934
2482
4101
7440
2598
5031
8343
7553
1660
5971
4304
3265
2613
223
103
8552
8531
3020
8289
4278
9158
6941
1140
3643
2368
6319
3838
6296
7363
2339
2674
1730
5898
4500
6175
1621
2991
9271
3269
5195
3372
6245
2724
614
2689
5473
6515
7208
400
5024
7550
4532
4135
1050
826
3779
10174
2286
4676
9613
4846
7738
4780
4974
3133
7984
9697
5812
3699
7502
2500
2806
5916
1932
88
9205
7910
647
3893
10286
78
6062
10159
5142
1703
3830
2773
5277
3437
9623
7355
5017
1952
7851
1180
2141
4346
8494
176
3598
1843
98
1521
1113
1092
1661
8292
901
7623
1185
471
8425
977
4947
5419
6933
9396
6577
3633
7958
2618
2131
10132
4031
8153
1731
7700
145
7319
5007
437
2981
8812
3472
7844
2853
9530
2576
6236
1124
5474
3034
4246
10281
6977
3422
10163
6680
2000
6253
6171
8260
8854
1948
5058
8410
4131
6349
913
3281
8057
6556
3563
3398
4140
2383
3650
2826
386
7279
4774
680
2653
7640
2982
1901
2471
303
10177
7982
4263
2831
5395
198
1324
7992
330
3346
6715
9166
7063
5730
3545
5616
4668
3348
9898
7825
5171
10270
1632
8587
6359
8855
8712
4218
9740
6638
9031
8486
4043
2278
2549
6001
6500
712
2759
1773
7102
921
5208
2187
7024
994
7704
9707
3863
9301
6172
1815
5200
5245
7746
1652
8633
4757
7364
43
6380
7390
9424
5909
452
5634
9239
8179
9924
4748
10263
3544
5936
1606
4779
2654
5246
2439
805
1218
2343
7499
2473
9798
3628
995
10168
2194
5538
1036
9179
6975
2279
4380
5430
6278
651
3638
4191
2432
1031
7574
878
3414
6687
9054
4859
6420
598
8975
1644
2025
9507
3850
8607
9846
2427
5637
4776
228
455
1801
2861
8140
2520
3401
2134
1214
7386
3592
5318
9587
5416
2261
4557
8745
206
1590
6267
10041
4036
6591
4517
3995
399
2256
4150
7407
8640
6700
3678
4797
8963
8743
1651
5507
6548
6647
3870
6736
1228
1786
9722
3333
4317
7530
2550
3800
1204
7967
2324
3845
1168
3896
8269
2575
8172
4838
5846
629
9559
6248
10069
4693
1333
5629
8944
10218
8395
8265
903
3702
2065
8274
2805
1428
10135
8485
2639
816
8120
8168
1434
9191
983
4016
1161
2007
92
1171
7444
3617
7684
6937
2443
2668
3817
5813
4441
5448
6881
1021
2038
4103
9146
3094
8814
3675
9986
481
5338
5486
1580
6342
7762
1418
4203
760
4073
8491
8591
4323
2201
6762
5847
9352
465
8431
8375
1123
401
552
7006
5578
5522
10145
8657
3851
6482
5256
3733
6092
9816
2787
8827
4883
5040
1939
8181
8015
4266
5373
8317
499
1297
7784
2561
10000
971
9353
8227
7809
9889
2595
6719
9375
9870
7151
9944
9695
6765
621
9182
6665
5691
2407
5920
7707
4404
1847
3958
6870
2942
463
9962
7725
2369
9900
8547
9411
3150
3871
5225
1315
199
180
7373
425
4092
9923
1694
9284
4166
5482
3523
5809
3810
6875
3963
624
4422
5708
120
5280
1458
2063
3326
1870
8819
3183
2064
8572
7381
8901
7030
2060
3872
10226
7478
3651
4687
7425
1249
7031
5489
7238
1823
9090
46
3731
6990
9245
7304
4964
2239
4997
6634
4128
2709
3640
113
2544
590
1751
5271
9868
3476
10140
1536
7671
3853
4250
4309
9639
6192
4212
147
9002
8935
9268
3128
4446
6149
10160
4052
4896
9257
6616
3861
7210
7627
5389
1498
4768
2507
1020
9404
1108
8860
638
8927
4491
2119
9887
1448
5176
5354
6275
5495
8796
9409
3417
7101
9539
5446
2505
7023
1793
2812
8464
1221
1271
2760
3036
4236
7055
6142
4844
1006
3439
2776
5904
825
7301
522
3923
4849
4588
5797
3454
3391
397
9373
10196
5974
7703
4880
7662
1035
3239
4860
6289
2155
446
5323
7846
7042
8660
4951
4559
2179
8750
7884
9460
6347
2022
10211
696
1459
4616
2166
8392
796
5744
4408
943
7483
2488
4632
8994
2914
7193
7696
1524
3714
6262
6849
4161
334
1768
5795
8921
9513
9856
10067
8898
70
8823
1702
644
8305
3571
9509
4047
7790
2441
10034
7680
8701
9392
9382
4679
986
4662
4389
3501
9694
7596
4262
4958
586
3489
2149
4305
9462
4118
1967
9116
5231
9192
1760
440
5667
4451
5942
135
9233
1339
1721
2080
4442
2093
1120
3936
2533
8020
2374
7529
9003
8372
7100
3826
6331
7041
6031
9279
3323
1611
3387
8974
9733
7792
6083
3373
6288
8612
4739
7890
6995
2891
3254
8868
8256
7003
765
1426
8450
10026
5819
3947
487
8101
3636
4469
8706
5557
990
3607
6104
1669
7945
9651
6628
8617
823
3928
3922
4787
1674
6473
1217
7949
7220
1828
173
9615
6190
1010
5201
7669
8337
5162
10271
2895
6794
6971
6885
7360
3318
10127
2449
4785
4746
9925
5345
5694
3189
6632
2656
968
2061
9550
634
6017
9935
2240
2890
1728
1262
3559
6076
7621
3787
738
3321
8105
216
7292
4425
5504
3130
7490
587
4057
1908
8870
3535
8388
2928
6090
4987
9614
9871
7422
4832
2440
4979
6967
1822
2555
9712
4891
3886
2120
4732
8445
9843
3385
2429
4894
5843
3319
3987
3302
9230
972
8880
81
9351
1200
8913
4520
8533
3574
7484
7805
7441
2364
2943
1410
6630
6356
9586
1903
5747
8073
237
9747
6595
9447
6717
6812
7935
4104
10047
57
9893
8969
9107
9546
214
1573
5293
2578
7209
4133
5114
2525
7501
5528
3285
2821
844
4295
2939
6801
4224
5283
8791
1774
8344
385
7880
2921
1025
6039
6895
8794
1785
2582
4847
5153
9717
1069
7202
2903
7772
3976
9557
9842
9156
2744
821
8620
7500
1735
3061
5576
7998
6290
5387
8513
293
10223
6987
544
576
6592
8856
7473
4398
2472
8905
7657
5869
4607
2246
4918
6401
806
8056
3229
5658
9309
8610
867
591
9141
5018
9708
3627
9434
2077
7062
8970
4550
9001
313
8142
251
10240
2115
2353
5888
4928
5481
5398
1753
5683
6091
6191
9161
9073
9083
898
7514
4651
1646
962
131
5844
10032
8722
8206
5219
8549
4443
8359
2728
8698
9110
5202
428
1390
4735
5108
8002
9652
6193
4454
1300
3546
2092
2253
3359
2860
7420
68
7976
4478
6705
2840
7906
2524
2163
9593
9640
7925
4992
10244
1954
7235
9153
3284
9992
1457
5897
7044
2620
7517
4872
6657
5949
6242
952
8233
511
6897
9378
8644
8304
7811
4267
3904
5462
3999
5800
9316
515
800
190
8326
6471
6168
1320
6452
7593
3866
3520
4933
7739
6658
1698
4965
6749
6369
4296
7979
1212
4256
4669
10038
5566
4688
10183
4023
8156
8764
2909
8226
8629
9034
1513
7547
4234
4444
8993
4903
2626
8312
5512
5086
2713
4621
7084
3885
4571
3122
9656
4119
6049
4409
2317
8663
1041
2675
8264
3601
9341
10224
4960
3393
6669
8237
5450
8661
8380
1587
1551
4126
6940
3394
5619
608
7698
4529
4637
4
1121
3626
2372
5751
3510
6184
2624
9661
10278
4543
1976
7248
396
4265
2883
1566
3950
2784
8988
2756
5259
7216
2044
4809
7972
7871
9822
1438
5993
305
1051
8466
1360
7852
5574
316
6713
1834
2234
2037
5805
7923
8200
2074
2513
3363
6809
2762
1533
5723
8540
5620
9555
2875
6767
3138
720
9603
4302
6866
8708
9659
3362
8621
579
123
8989
404
3390
6117
7558
8046
9058
3419
2493
6403
8841
10239
4285
2882
5631
7136
810
7109
7181
9303
8704
8433
9912
551
3619
6636
6173
7071
5105
1575
7124
8504
5563
6451
5828
4664
2877
450
8647
1259
2109
8762
976
7763
2580
3991
6629
3469
6033
7252
1509
476
7455
10063
3635
2158
7164
5402
6855
4502
6326
3795
8675
4671
6876
4078
7088
4192
697
292
1925
7266
9741
8430
495
4122
10269
8429
4827
8062
6182
1475
4625
6423
3848
2791
2344
2800
4123
5110
4433
7690
3168
4456
3355
6085
2154
8176
2536
7430
8252
9407
5926
1208
3002
2851
4546
5248
2263
6759
6588
3109
4368
2763
2231
2703
4257
7158
6844
8601
2117
6979
9199
622
1664
2730
10100
9395
5041
6761
750
1777
2444
9692
7821
8131
4825
333
560
600
1538
1044
5913
8259
5254
149
8800
4547
1314
6209
1322
4112
8557
302
709
6461
7756
5959
6712
3332
8900
6807
3637
1922
8243
1054
2876
3528
8522
3149
5393
2539
8235
2454
5750
7535
6043
6474
4406
8358
5404
2288
5864
4030
8146
5990
1628
5479
744
8281
1027
7198
3018
2642
7315
6552
6900
930
5815
5170
6526
9313
4393
6013
4364
2621
3673
4595
4087
9496
6047
7328
5124
9474
8095
5143
1264
4740
2514
1419
8751
2162
6795
1111
5186
3376
9828
2519
3046
6294
9275
8936
6222
6492
9817
8253
486
6350
1177
2273
1994
4072
261
2302
6320
7308
887
7475
7622
9035
6405
5602
2825
5407
7067
3369
5405
200
4514
8689
1636
306
4486
5822
7633
7828
8374
2512
5808
6537
8411
3581
4975
8564
924
1325
4373
1337
6543
3586
10221
8161
9402
9214
2072
9899
633
3341
2124
6661
3309
8157
6004
3432
6422
4641
6544
743
830
257
143
9432
4253
469
4636
1202
5163
9190
4371
4144
1311
1832
4019
1439
7594
9660
5260
7644
9706
6974
264
2103
1982
331
628
3695
7803
3891
8849
6255
7232
4577
159
923
9391
7569
6186
1429
9791
1800
2073
3684
5582
8202
2967
1068
6256
940
2068
6402
56
1334
2952
6603
9475
4066
1373
8299
5673
8064
9580
6744
7616
1292
122
6576
9249
4705
6029
1955
836
7735
1945
8765
1494
95
4291
3436
7544
7609
1738
9896
5870
1989
2365
7244
1444
6663
5441
27
4159
9152
636
6153
2460
6530
1011
523
8803
141
3624
490
2802
1137
53
8230
3769
3233
6667
4165
253
9971
1975
5496
125
1802
7602
8805
9919
969
8005
7898
1421
1640
2410
1057
8069
3465
8032
179
473
10254
5286
9024
2235
3879
643
5210
1183
9596
4515
7566
7692
1862
5378
2142
8203
3364
1371
606
10082
3514
3937
9515
6365
2422
7531
4609
8222
2959
2681
5779
5008
2666
681
2665
5608
7522
4901
8593
4971
797
8268
1512
5783
6161
9766
693
4141
215
950
2423
5866
8125
7933
8863
9632
2477
5057
7066
3823
6887
2609
9523
4955
4056
9336
9979
30
3772
7798
5144
5342
6516
3822
7380
6839
6436
3165
6803
2003
839
2079
8891
9427
2254
1971
10172
9104
517
538
4487
8685
139
6299
6334
8013
9410
126
3569
1570
3970
942
9774
8238
1704
4447
5003
4068
7034
1540
8008
4950
5963
3773
9498
1977
5754
6479
7836
6038
3797
6999
4113
1280
77
4415
5939
1577
5944
8011
2841
7651
262
1505
7295
1003
1714
1305
8735
8113
5166
2458
2082
389
8622
5050
4281
7330
3644
7791
6509
9403
2835
4863
4120
5074
4183
1649
6202
9544
369
2287
9023
33
8770
9988
4518
4790
4820
6468
3918
7302
1783
1425
10024
7081
2295
3249
4727
9448
3192
7875
8690
2277
9634
2929
1913
2008
181
3274
6883
5786
2406
9831
6224
7264
8371
8524
5472
10157
2852
5749
3616
8499
2585
3842
7028
6358
9370
4343
8081
5979
5360
2912
1804
6936
1756
7887
7538
8345
7258
1468
637
5506
7830
2001
6061
2922
1084
7839
9897
7196
2416
1453
8214
7733
8825
5494
10099
2558
595
3290
5687
5451
10220
8941
1950
512
2925
7608
3711
5900
7536
4578
2543
9673
1852
5785
6416
5597
1579
1595
4205
6714
5377
3154
4694
1372
907
1447
2048
432
687
6817
6280
2102
8799
1810
8219
7555
2963
9760
3303
4973
8283
3631
6429
3017
5184
7293
3172
4035
2498
8424
2577
7439
8357
5403
1972
4440
9506
2772
8627
10097
8026
10175
2736
3777
7130
3742
5562
645
2322
1222
7987
3223
8677
3492
2956
2961
4976
9188
2911
790
7424
9916
3
4635
6805
1673
10139
7642
9933
7691
1620
5282
4010
2632
1119
7870
4325
1835
6756
9397
3161
3244
1998
3411
9705
8683
3793
4957
4362
7833
47
9431
8382
5516
787
6453
8642
6793
5623
5980
7988
2920
3860
7172
3180
1727
4962
7506
8042
5782
4869
8248
534
4458
1056
1717
4193
9381
9442
7779
5179
4862
883
4419
3803
236
7712
9574
8420
8211
8583
7777
3169
2980
5868
48
1528
9812
1188
2012
5267
9362
4699
5101
6379
2436
9386
9723
6408
9752
8207
9527
3859
803
6086
1520
5089
3887
6976
9910
9529
5537
1666
7708
5720
6728
5468
4620
8250
8775
3776
4750
3176
4562
519
9210
5080
1065
9939
7815
1809
9075
7276
674
3670
2280
1451
6781
5388
3587
7192
9087
4007
5047
6372
4061
1165
9742
2062
4744
1875
1061
4753
7637
8555
9719
4241
116
3880
5139
3293
7521
6409
8548
7920
4313
10015
854
5236
3498
8210
998
6962
752
6194
10197
3030
8236
4194
4843
1198
10170
5668
3541
9863
364
2373
4677
3516
9879
10150
8717
10204
1067
3820
3124
3565
2438
5316
6020
2700
4388
2258
4726
5778
3732
1286
4114
8646
8584
1157
7528
7228
4111
973
8021
3011
8816
2262
7314
468
7567
5865
1407
4943
6985
6568
8127
6955
3045
5321
2627
9852
2390
10243
3556
5301
3196
6624
5810
1223
8848
7507
5935
9600
8428
2214
8920
9425
1708
2515
5051
7438
1819
7655
6106
5917
9875
5748
7078
3807
6547
8582
5425
731
7665
4467
9765
8195
8521
6398
3215
8023
9485
1988
5226
6073
1633
2499
4319
1105
4024
5444
1306
2437
1724
6862
1191
3690
3123
3790
1471
9616
3629
8654
4523
5381
1929
3519
4713
9857
5238
724
7492
3801
10136
3647
6165
7362
9292
572
3533
5982
8753
413
834
10182
7901
7785
2616
7532
7511
7853
3264
4692
3121
10005
3884
3294
4417
10039
9009
607
8907
7869
3968
1700
1726
5861
2386
6383
2336
3589
9196
1514
6199
2375
5374
5543
1053
7281
6396
2782
9549
8276
1404
1618
6742
8017
5436
4506
1220
8960
4474
1759
4473
9685
525
9970
3258
189
4405
4575
10198
3474
658
478
4271
3522
7799
2417
5289
2314
1435
4329
6449
4554
4357
10104
5428
4239
5269
8694
5835
5452
7963
2355
3187
10233
408
5615
5535
5987
172
9710
9510
9283
6495
10061
55
8138
6217
2019
518
1095
6147
8187
5433
4436
573
8688
410
5539
8043
6231
1796
5067
6389
1215
5992
1497
1591
3412
7817
6848
3610
8656
140
5705
2662
9328
6641
4781
9564
2737
65
3758
3609
7416
8757
2136
8296
9636
1854
2887
4507
2792
6953
3642
9099
8566
9055
5561
7873
3211
5211
7053
2541
7936
2283
1867
10009
6580
4940
5674
6691
5546
249
3388
5981
1716
8188
759
5733
1187
9647
1817
2268
5840
2734
1350
6609
9253
3748
7683
8821
3484
6155
9487
6028
9329
9491
1539
6710
9517
7033
6750
101
3241
3064
4893
4899
10268
4180
2105
3257
2966
8909
3031
10079
6950
6055
4448
238
2976
5955
5095
3804
9282
5255
8940
9687
4755
9080
7472
4533
7780
9050
4681
7907
5755
5519
0
8792
2934
3590
6589
7014
4793
2208
1038
2130
893
3426
3167
9824
7770
40
8453
8623
6837
6545
8061
6503
7087
3689
8851
5001
2413
5361
5715
10217
3050
2376
9337
3759
5541
8760
4377
824
5596
1205
9377
3542
8674
2508
1864
10193
9479
656
462
1172
2871
3072
2764
6520
7153
7668
4525
8384
8167
1028
9987
3334
2085
7167
9777
5964
1754
1725
8185
9728
4182
1639
6850
9201
7243
7195
4314
3104
1933
1004
3938
7937
2834
9026
83
9159
235
1078
5196
7177
4819
2984
5137
5734
868
240
5035
4555
5484
8193
1501
9827
6203
5339
3981
9579
8028
9953
6431
1596
9280
3308
8092
4541
1599
569
1557
9769
2880
7076
4629
9746
5848
885
1523
2409
4252
3182
9215
2071
2404
4461
8740
2284
926
2455
7366
10071
1094
1737
128
9581
3320
4099
6815
3560
4460
2219
2643
9380
4501
2167
6879
6130
3218
1127
6755
8616
3013
415
8418
6682
2997
5738
3634
8029
8874
4873
8929
7709
862
9847
1002
8928
9737
589
869
7679
7496
9400
8608
5501
2867
1274
2451
4115
7604
888
6551
222
3567
5753
1920
1733
1201
1017
1209
3073
7841
1058
6706
2229
1413
2667
3791
8884
4953
447
10101
2308
9605
2097
5530
2596
4300
8517
6498
7882
1403
8124
564
2554
7166
3361
138
8858
4856
2710
6998
3082
7075
1210
3198
7170
5879
1488
6441
8867
7146
6260
4881
6906
8523
5353
1074
3081
2487
1346
8254
392
4254
1518
4210
6670
9478
2917
1134
6983
6709
7286
2049
1740
3300
1432
7797
553
7831
859
8793
7080
507
2052
3620
1344
8669
8290
